00000093
0300006f
000027b7
00078793
001787b3
0007c783
00178793
0ff7f713
000027b7
00078793
001787b3
00e78023
00108093
1ff00793
fc17d8e3
fc5ff06f
00008067
00000000
00000000
00000000
00000000
00000000
00000000
00000000
00000000
00000000
00000000
00000000
00000000
00000000
00000000
00000000
00000000
00000000
00000000
00000000
00000000
00000000
00000000
00000000
00000000
00000000
00000000
00000000
00000000
00000000
00000000
00000000
00000000
00000000
00000000
00000000
00000000
00000000
00000000
00000000
00000000
00000000
00000000
00000000
00000000
00000000
00000000
00000000
